<?xml version="1.0"?>
<opencv_storage>
<TrainingData type_id="opencv-matrix">
  <rows>0</rows>
  <cols>0</cols>
  <dt>f</dt>
  <data></data></TrainingData>
<classes type_id="opencv-matrix">
  <rows>98</rows>
  <cols>1</cols>
  <dt>i</dt>
  <data>
    1 1 1 1 1 1 1 1 1 1 1 1 1 1 1 1 1 1 1 1 1 1 1 1 1 1 1 1 1 1 1 1 1 1
    1 1 1 1 1 1 1 1 1 1 1 1 1 1 1 1 1 1 1 1 1 1 1 1 1 1 1 0 0 0 0 0 0 0
    0 0 0 0 0 0 0 0 0 0 0 0 0 0 0 0 0 0 0 0 0 0 0 0 0 0 0 0 0 0</data></classes>
</opencv_storage>
